mv

Ι 8141444646, 41464 16 84141446 449. ’ 81444446γωί (8441964166) 411.

. 96666, 6666666 samiam. - (6666666616 Ι

8944461644 (81466166) 411. 6 6. 41 11416164 474. 8144641146. (8144911644) 411 ·
814664666444 (8616464166) 411. 4. 6. 41 16616166 8144646466’(8146646’4) 411

469. ’ 81464466 (8144164644) 411
419 81461466 66666666, presbyter 46. 81446166, oppidum 497-499.

944664 (8466166),411.6661>14614 11161116 4966466166, 41166. 6. 666606664946. 941,

(66666. 6. d: (146416664644166) 646. 996. ’ ,
81464666,411...666116646(66661666.646· - 41166681966616191.

66 1166644166) 494. . - “ 41166611146164 444. ,
8144414 66669666 69 8966466 149. ² 81464466144444, 816649666466, 6641 66 6661 204¹· ’
8144411466 (8944911466) 411 · 6944166 96. 498. ⁴
84444111661444“(8146411644166) 411. “ 814114, 411166664666 64461641 6661 949. 996-
8144416664161466. 69111661. 66 8646644166 149. 999.

9146411466, vil. 6. 6 6. 1661446996. 964. 466. - 446. 6. 6. (1616646446 64
- 411Μ96-66161446161616661616 -(86611911614),111664106161949
11616 (nunes. 6. 6. 1161646644) 699· - 1114164 (866146 11616), 411 66. 6. 1144-
8144441466164, 411. 9. p. 1116966169 46. , 4191141141 5⁵0. ' ·
8144666444, 41114 6. p. 16149 041614 6181444644 8446441444 (8116146166, 86164669) 411 4641016-

944. 949. . 16164 446.

8144466666, 8144666666 (8144666614) 646441668441441444144 11161646141166. 6116641466444.

946. 996. 946. 949. 949. 000. 966. 469. 446. 8661464144, 86616466 (8614466) 411

469, 84666411 (8661466616) 411

ζῇ814646664, 411. 146. 6. 16149 1161144664 61 111164 84461644 (86616616), 411. 96. 6 11491611 691.
44 22'2 , ' 8441141416 (8416166616), 4114611114146149 91161
814441444 (8666166161 14 6. 6 (6641666. 1. (nunc 4641161916441641966.
01616166) 961. · 84666444444111 164419 919.
- 146661(84446166),411.66,6“1966146·“ 8661464466, 411 6 6. 6. 61646644 916-666,
1111996118. 8811.

. ⁴ - 194164 (89449169 11161116), 41]. 6641 844161 (8641611411. 4. 6. (1.1)416461616 69. 4464

1111144 (64141614. 6. 6.) 174. - - 41166. 6161666414.
- 1614464 (81466166 16916),411.6.6.41.111· - (86416161) 411 4. 6. (1 114661664166 76. ’
16416666 6. p. 0. 89449166 11161116) 416 844661, 86661916, 8641616416 416 9468966961
140. 00. 46. 469. 444. 444-444. · -
9466644416, arma 01. 44. 44. 46. 49. 66. 66. 164. 8446466, 411 6 6. 6 1166666 444. 444.
100. 466. 114. 446. 146191. 194. 196146. 8666666666 9614464466 9616616166944. ·
146. 149. 469. 144. 496. 416. 496. 499. 446. ·,9441641466 411 6661614644666169. ’
469. 000. 444. 446. 496 964 966. 664. 446. 96111496, 411. 66. 6. 81641644 464.
449. 446. 499. 8611646, arma 000. 040. 944. 400. 446. 996. “
81446461444666 61416 6111161116, 441. 6. 641 8144- 414 “
14644 (64464 6. 6. 1. (1616666) 167. · 8611461446 (8611646441 411
81444466664146 Thomu, 66166. 049664. 194. 8616661464, 866161946649 (8664164166), 411 11
814444661661646 (8666641661691411. 9. 6. 64666 Κ66446446169 919. 949.

’ 814444661664146 66 9416. 1966466166 499. 8464146416 (16 arm. 8469619446 99. 97.
894444661666644 (14466416νί66) 411 841141461646(8911916441691,411.66 6. 84694114· ·
8144644 de 9416 11166149, judex 499. 64 96.

8144444166164, 411. 6. 6. 6146461691616 649. 841141466144, 411. 6 p. 4111666114 644. “

81446441664146 66661469 67. ’ 84114466, 411 4. 6. (1. 1661644 946. 947. ·’

81446441666644 ( 8646416416) 4116661166- - 411. 6. 6. 6. 1166164166 999.
1644169 67. 66. 8611661646, 8611646646· (8611644169) 411

⁶ 8144444644, 411. 9. 6 6. 1119664166 449. - (8611644) 411. ’ ,

81444466 (89446966) oppidum. 8414446466, 8616646449 (8616446441411.

416 81444466, 8944646461] 4169464. 0164494119. 8616461416 (86169416) 411.

81446466 161144 (1) molendinum 949. 844146 (8441644) 411 .

814466661646 (8966166166) 411. 86141444644146, 16 86166466649 1141411664, 416 4446.

814494669146 de 941666914466166 949. 941. 918. 119449 644.

 

