'= 011,

’ΒΧ

8111104πο4 (8141044011) oppid· ·

814411014,11111111 509,

J 811410οκ (81111100) 1111 0. d. 2111141111 (1111105.
0. d. 1111011111) 111.

8114101114, 81111010 (8111111111) oppidum 111.·’ 144.
·.184

110 8114111114 Petrus, baccalaureus 4

8114011410814110111101101111. 8011111194155.
104.

81401414101111011401,1001111 115.
’8111011410-111. 1. 0. 11. 0111100111Ι 414. .

’ 8111411410, 400111 111. 8110101101 391.
8111044011 (8111111011) 111.

8111480 (8111000)111.1. 0. 11,·011101111114 519.
8104114144, 1001411 oppid. 810111011οε5.
84411411, 111. 1. p. 11. opole· 545,
8141414410 8111101. 110 1111801011 545.Ι
8110041104 (81001110) 111. 1. 0. (1.8111101310.
8114101441,111.1 0. 11, Κ111111111 11101111 144.
8114141004, 111. 1. 0. 11. Ρο011011100 513,
81140111441110148) 111 1941

4454111101 0110011110. 11

81141110, 0011101. 1118004011111011100 54.

· Ι,.811014411410 (8110100100),111.Ι 1. 0 d 240080

8114101114, 111. 4. 0 ..11 80001000 155. · ·
81114004014110014 (811000401οῆ00) 111 1. 0 11· ·
Κο011011101314.111.· ·

8111001611 111. 1. 0. (1.11101110110305 · ·'
811100411401,1011100.· ·

·’8111104011411 (8111101101)111.11 0. 0. 01000 8411·

· Ι1011 309.

8111041040,111 11 0. 0. prope. 80001000 m. ’
897. ·“

··· · “ 8110014411, 8111001011, 1001111 403. 444.

8110401411 (8111114101) 111

- ··,8141)04011,101111141111 041111 01001154. 55. ·
814οο400044 (8140011011) 111.

’ 8140111141, 111. 1. p. d. 801111οᾑ01100 577. =
8148640, 111. 1. 0. 11. 11111411·

·· 81411114, 81014, 10011. 110 1111. Κο011144 130157. -
-. 168.169.274. -

8140040444 (8101011100) 111,

81441410ιί00 (81410011) 411.

81441414 (8140100) 111.

8151410 (810111) 111. ·

8141114414 1114104(814111111114 11011)111· · ·
8111111011 (8141111011) 0001. - .
81401441014 (8110101100) 111 -

8141111111,10011.1104111.’1000103. 1 “

ι ’81311111411108110111011110(8101110111)1151111.841 814104400411,81111011011 (811001101)111.

00111 311-110. 111. 141. 111. 310.
(1081145011111 101111. 150001, 10111111 490.
8841011110, 8110111010, 8110111110(8101111111)111.11.·’

0..0 prope 110011001101310. 310-550545
849. 880. 888 ·

de 811011111110, nobiles 11041118000114510-580

888. 848. 848. 888.
8114111111, 111. 1. p. 11. 210010 375. 310·

8100141401, 111. 1. 0. 11. 2111051410 015. 551.
88’8.

8111110014 (81111100) 111·-

810114, 8101114, 14011 do 41111 1100411114 135. 13704
188188814.

81411114)411104,111.5.’0.11;1110110114105.-·

· 8140111444 (8100100) 111

8140114041, fundator 1110111 m 0001 11411110

.· · j'· 81111001001111 111 11000101140414. -
81444(810114)111

8140 81001111 dn 0118411101 091.
8111040111 (811000111111.

8101144101, 1110 p 11. 10100101 (1110 10. d. 81110(811011)111.

8101101100) 505·
8114014441, 111. 1. 0. 11. 801011 21040 410.
8144041111, Skowyerzinek (Skowierzyn) 111.
8114410444114110 811111110011. 301.
8110140441110111001. 1101111, 11111 504.
811144401411, 111. 1, p. 11. 81001101 441. ·
81410014, 111. ·1. 0. d. 11011011 345.
8111004411οη4, 1001109 110 4111. 8111000110 330.

81101011144,111.1.’0.11.11001507. - ·

8114114114114 111014, 111. 1. 0.·11; 80011 551.
8111441410, 111. 1. 0. 11. ,1011110001 11. ,

8114441111114 Ρ111011110 1101111. 8001101101 404.
8104101044, 111. 1. p. 11 Lim, 01000 000111. ’

,s Pikrzchniffl 889. 890. 398.
Γ· 8104414414110 1104111. Το001 91. 99. ’
8111100449(811150011111)111 “

8111401105, 111. 0 0. 0. intra 80001000· 511101ιέ

54111111. 110.
1108111101Ρο0111, comes 101. 110.

-(8111010)111.

-(81101001) 111. {L- 0. p. 110141111411509.
- 1114104040) 111 11. 00505.
8140414(81110041)111
110 81110014 1011011 110 41111.- Pan 550·

· - -- 110441οπ.11414547.494.- ·-
- 8110441110, 8110001110, 110 4111. Bm 314. 334.

111. 101. 141· Ι -2 ·
8140414110, 4111111514 4.

· 811141 (8111611111

5140444110, 110 am. 1011111 11. 11. 154. 171 · .
-— (101111.Το001100.
81404110 110 4111. 111 77. “

- Andr. 11001111 401. 111

’· 81400441 (81110100) 111. ·

81444441, 8111011 (81441111) 111.
814414414110 110 arm. 8011114 500.
8104041141ιο 110 orm. ’10001 01.
81041041 8111111111, 11401115 499.

 

