0111111,111.11.1.1.1111111111.11111111111 41.
11.

0111111111111. 1. Soleo 179.

- 1111111197.

, 01111111111111111110.

011111 1111111141.

0111111, 111. 1. p. 1. 1111111111 701. ’
019111111111111111111111. '
014111117111601111110111111

xlx

011111 (011111111111 ·
01111111 (1111111111, 111 1 p. (1. 81111ὶο1111

0111111111ηοη111 (011111111111) 111 11. 1. 111·

011111111ῆέ17161111 alias Ρ111111111111111 111. 1 p.
1. chelm 11 flu. 111111 111.

0111101111( 11 arm. Niecznja 474.

”· 011111111111 (0111111111), 111. 1 p. 1. ’11111111

011111111111111111111 1111111111 (1117011111 111. (1111111111. p.) 799.

1. p. 1. 8111111111 (nunc 1. p. 1. 1111111011
’ 1111117.
01111110111117111 11. 111. 111.
- Ι1111111111111910.
Omnian· (0111111111, 111. 1. p. 1111171111
1111, (1111111111. 1 01101111) 475.
0174οηί11111 11 arm. 11111111, presbyt. 471.
fluum (11011011, 111 1. p. 1. 11111111 949.
, 141.
01111111111011111.11111111.1 “
0111111111, 111. 1 p 117111111111111 (1111111 p
(1.1)111111107. ·
011111111 (0111111111 111.
’1111111111 (Gosszielin) 111.
. 01111111, 00111111((11111111,111.11.1.1.11111
0111111111111111111111 914. 919. 999-999. 999.
· 141. 941.·112. 111.
0111111111, pampus in vil 1111111111 717.
0111111111111, 111. 1. p. 1. 1111111111. 171.
0111111111141111411. · ·
0111111, 111. 1. p. (1.811111111111·714.- ·
0111111111 11 111171111111.
Mhi. 17. 1. p. 1. 91111111 441.
0111111111, 111. 1. p. 1. 8111111111419.
0111111111.(1.17111111111.111.
0111111111,111111 in 111. 1111111111( 100.
0111111111,1111.11. (1. ’11111111 (11111111. e. p.)
719. ’ ·
“ 1111111111,111.1.1(1111111111.ι
- 111. 1. p. 1. 61111111 (11111131. p. 1.
111101111111 191.
01111111, 111. 1 p. 1. 111111111011171.
0111111111 11 arm. 11111111 474,
0111111111 (0111011111 111
0111011110, 111. 1. 11.·1. 11111011 997. 940.
0111114111, 111. 1. p. 1. Ρ11711ο11111 994· 991.
0111114111, 1111111 (1111011111 771.
- 111. 1. p. (1.1)111111111719.
0111111111 11111111, nobil. 111.
·- 11111111111701.
- 81111111. 11111111, 110.
0111111111 (0111111111111.
011111 (0111111) 111. penes 1111111111 1111111111.
11111111 491.

011111 (01111111 1111. p. 1. 8711111111· 701. ·

0111111, 111 111. (1 1111111111 109.
0111111111 (1111111017111997. 999. ·
011111111111(11 111. 1. p. d. Κ111111111101.

· 011111111111 ((11111111111111 111. 1. p. Ι(1. 11011-

11111) 10.
nummum, 111. unita 111111 111. (11111111 470.
0111010111 (0111111111) 111.
011111111111 (111111110111111.
0111111 (111111) 111. ”
0111111111 ((1 111 1. p. 1. (11111111 445.
0111111 (11111011 111
01110111111111011111 109.

’ 0111118111111111 4.

01111, 111. 1. p. 1111111111 499. 491.
01111114 ((111111) oppid.
Gregorius de 011111111ιί1, 11111111. 777 ·

- 1111111111111 presbyt. 191.
01111711,111.1.11.1.1111111111111(’1111111

1. 1111101) 11.
0111111111,111.11.1.1.Ὶ11111 11111 1111111111-
iec 401. 411.
0111711111, Griph'onum ((1111) 111111.
0111111111 111 1 p. 1. wojcieszkow 111.
0111111011 81111111. nobilis 997.
0111111111, (1111111111, (1111111111111101111-
11111 111. 1. p. d 81111111111940. 941. 949.
01111111111 (0111111111) 111. 1111 1111111111-
te 100.

· 110111111111111111111, (1111111111, 11111111. 107.

0111101111 ((1111111111111 11 111111111111111 100.
107.

01111111, 11. 1. p. 1. (1111111101 909.
0111111ψί11, 111. s. p. 1. Bogucice 971.’
0111111114(111·11.1.1 (1.1)ο111ο1111171.
0111111, 111. 1. p. 1. (111101 141.
- 111. 1. p. 1. Ρο1ο11,11 fluv. 1111111111
141. 142.
01111114, 111. 11). 101111111197.
01111111111 (6111111111) 111 1111 01111111 ad
11117. 117119 114111.
0111111111, (1111111111 (61111111111111. p 1
1111111411. 411.
01111111 (6111111 111.
- Grodzyecz (011111111111. 111111

110111 1111411 ¹⁹⁷

 

