141141411 (1411411111)111. ·
14114141444(141114111144)111.
1411141414 (1411414111) 111
14111441,111. 4 1.(1.11414411411144 34.

- , -- 3141144411 434.

- -- 3141144144 441
14111444111144114 (1111144111 414. 444.
1411144144, 1114111111411414.
1411144144, 1114141. ffimovioo 343.
14111411111114. 1).(1. 8141111111 414.
1411141111, 111 4 p. d. 11141144· 414. 411. 444.
1441114411 41411 3411144144 441.
1441144411 de (14111. 1111141114 334. 341.
144144, 111 h. 4, p. 111114 oppi. 11111144 ot 014·

4411144 413.

1441441414411) 111. propo 0144411414 43.

1441, oppid 444. 147.

1444144, 111 1. p. d. 111414 474.

1444444411, 4411114444. “

14441114 (1441114)111

, 1444144111(144411414) (144111. (114414 144. 414.

14444444411, (14 arm. Octo cornua 344.

1444444, 41114 in zborow 411.ἱ

1444414 (114411) oppid

14441114 (11441114.) 111. -

1444144111 (144411411444111. (114114144414.

1414441444 11144, 4141 111 111 11114οηί44

’ 816.

’1411411144 (14141411),111. 1. p. d 1114114414

108.

1414141444 (141444144) oppid.

&homino (141444144144) 111.

1414441444441 (141444144141) nobiles 414.

Ι14144411414444114 (Κο144414114114)1111114434. .

’1414441444411 (1411144411) 1441111. 14111114
.’ 444. 444. 474. 444. ¹

(11 1414441444 Androna, 1114141111. 474. ·

1414444, 111 4144. 1441144144 141. 114.

1414444414, 4144 111 1111441111 441.

1414444411 (1414441411) de 41111. 11414114 314.

1414414, 1114141. Rybitwy 314.

1411164114, 111. 1. p. d 1441141411 1114111111 444.-

,’14114441 (141441) 11141411. 84141144 414. 413.

1414, 41114 ad 111. Ρ1441414411 14.

1414411444, nobilis, (1111 defert pro insigni· 11411114-

mm 4111114 141141414141114 44 41114441 144.
14114441444111 (Kodnozkowski) nobilis.
1411444441444 (14144114πί44) 111.

Ray-aomo (Kohoakowscy) 11411144.
14114114 (Rolano) sylva 4(1 111. (3141444144 444.
141144411141411)111 4. p..d 8411411114 413. 413
141444144144, 11141411. 14111114 344 443.
141444144414,1414441411111,Κο1444141141,114·

11144 (144111 441144 171. 414. 444. 414. 444

453.

1414441444111111. 174-444. 344. 334.
14144444 (1411141114) 111.
1414411114 (1411141) 411114 144

1414414144, 111 411. (1 1141111144 (411441. p d.
(1114141) 444.

141441441444 (Komorowioo) vil.
1141441441 111. 4. p. (1. 01114461 351. 344

·. Κοωο141111(1)111. 116.

1444144144, 11111414 prope 4111131414 444.
14414144411 (1444144411) de 41111. 14141411

189. 190. 191.

1414444114, oppidanus do 1414411111 454.
144411(1411411)111. ·

1444141411414,111. 414110111141144144344.
1411411111.4.11.(1.011)1414411144344.

- ‚· - 01111144 441 444
1444441414, 111. s. 1411111111 1114111144.
1141144144, 1111141 1441414414411111144111

11111144144143
1411441414, 111. 1. p. d. 0141144144(11111144.11..(1 ⁸

Zaldiczyn oppi) 47 4.
144144144411,111.4.11 (1.11141144444.
de 14414441414, (14141144414114 ((14 1441441141)

, 11411141, de 41114 Pobdg 13. 44. 4ο. 41. 4144.

184. 113. 110. ³1⁰. 3113. 165. 313. 498.
14414141411, 111. h. 4. p. 111411481414611 444.
(14 14414 Ρ141111414, nobilio 444

14414414 woly· (1411111414 11414,141141411414)
oppid. 474. 171. 171.

1411111411 de 41111 114114 533. 543. 471.

« 1144111444, 11111. 4. p. propo oppi. Proaowioo

169-171. 314.

1441444444, 111. 1. p. d. 1114111114 344.

1444111414,111.’1.11. d. (1141441444 444.

1444144144,111.11.4.11.114141111111547.434.

((4444 de 4114 3114114 144. 144. 444

1441444141411,114 144144414114 (1441414111,
de Koniecpol) nobiles

144144414441111 (1411444441) 111

1441414141111 (14114414111111.

14414414 woly· (144111141414,141141411414) .
oppid.

14414411 (1411111111), (14 41111 114114 434. 434
516. 544. 671. 671 “

1441444114 (Rodium) 111.

14414441444 (Κο11111444114)111.

, 14144444, 1414444414, 1414444414 (141144141-

ma.
1411441444 (11 ³22.
1414441144, 1414111114, Κορ44144111114,.14114·
-441114,14114411114(141144144)411114 134137.
loo. 174. 370. 371. 331. 390. 391.

14144441444 (1414141144) 111. s. p. d. 0141141111
225.

1411411114,111. 4 p d Pidozdw 333.

 

