· ’06666116 16 61611661111666.

1111

01616616 (0661611) oppid.

czmyomyky (czemiemiki) opp. 666.ι 661.
0666611666 (0661111) 111.
066661,16116616166644.

06666616, 111. 6. p. (1. Potok 21666 616

,0666661616 0666661661 (0166161611)111.( 66116. 66)

0665656516οὸ0116 (016616161611)(16661110661. 661.
0666156816 (0616111611) 111.
06666116, 111. 6. p. 3. 066166161166 166-

- 111. h. 6. p. 61666 6661116166 466. 461.

425. ·-
06166116, vil s. p. (1. 0616 11666116 464.
06666166, vil 66 (1116166661ιί 466.
0666616166,111 6. p. (1. 0116166161 664..
- 111 11. 6. 6. 66666161166164.166.
666.
0666616666,111 6. p (1.16616111646. 153.
06666166111. 6. p. 3 166116 66111 ·
0666616166, 111, 6. p. (1. 1166111666 616.
0666611116, 111. 6. p. (1 8666166166 641. ·
0666611161, oppid. 416.
0666116616 (1166111. 6. 611116661611666.
- ’ 1116161161. 666.
0661116(01611111)611. 111

0666616616666 (0161161166) 111.

0661616, 06611616, 0661166, 06611166 (1) arma 46.
40. 153. 153. 335. 331.

06666166666611161166. (16 01666116, presbyt 3.

- ’ 6161616 6666666. 5. ·-

066616οῆ616, 6661. 666-666.

0666166166116, 111. 6 6. (1. 0666661616 661.

0666166666166, 11166. (1. 11161 1116111 64.

0611166616, 6666111 666. 066616166666 116.

06161111( (0611111111) 111.

0616666616 (11666661) arma 616.

061661666 (06616166) 111.

0616116660166 (0666116116 0616) 111.

06166666616 (0666111161) 6661. , ·

061661666666 monasterium (066616666666 mo·
11661.)

061611666 (01611166) 111

06166661666 (0661611661111. -

0616666616 (0666616111) (1661111. 333033 16.
111. 410. 513. 513.

0616616 (0661111) 111.

0661611611 (0666656161) 111.

066161( 0661611616 Petrus (16 66111. 016161 661.

0661161666 (0161116116), nobiles (16 arm. 016161
530.

06666111 (111666161111.

06616166616, hortus in 1116166 461.

(tum, oppidum 666-661.

0661666666666 (06116161166)111.

066666666666 (0666661166) 111. - ·

06611666 (0661166)111.1. 6. p. 66666 06666616Ι
30.133.153.131.

0661166666 (16 arm. 06666116 46. 166.

0661611 116666 (06111611),111.6 6. 3. RQ
133. ’

666666166616666661),61.66(166166 ’
133.

“’ 066611666666111166166116. 1161611111 641. ’

06666166 9161161666 64.

0611611666 (01110166) vil.

06666616 (0611666111) 111. 6. 6. (1. Paeonia 11.
06116116 (1661111116116 616.

066616661666 61166 066616νί666 (0611166116) 611.
066666666666 (0166611166) 111. ,
06666666666 (0166661166) 111 -’
0666666 fluv. 666. ,
066666666616161111116(06616611)116111.416.
06666666ιί6 (0166166666) 111

066616616 (0661661) 666.

oxy-pomo (01616616) 1616111166 644 666. .

0666666616666 (0161666166) 111. 11. 3. 6.(1) 616.
06666166661111(06611116661161)666.Ι ·

0666666166611616616. 0661661666·
0666616164 (06661166) 111

Ι 0666611616 166166 61 111666 ,06666166116166610-

,0663101666 (Sciejowice) 111

0661166666 (0611116611) 611.

0661611616 (166161. 1161166 166. 166.
06661611(0161611) nobil.

06666666, 61116 311 opp. 061611 366. · -.
06666666 (1) 11116. (1. 1116666116 31. · ’
06661166 (0666111616) 111

0666611166 (0666611111) 111

0666616 (0661111111) 111.

· 066666661614 (0661116101) 111.
·· 0666166666 (06616166) 111.
⁴ 0666666 (0661111111) 111

06666166, 06661666 (366666666) 111.,
06666666 (0666616161) vil.
06666611(0661ὁ11)111.“ ·
06666666 (06666116) 111 6. p. d. 1166116 66.
06666661(01666)111.· ·
0666666116 (06666616) 111. 6. 6. (1. 111611 46.
0661616611. 11 6. p. prope zavichost 464.

- vil. 6 p. d. Β616616 61666 011116 66.

. ... 11166. (1011116066 461. 466. “

0666611166, 111 6. 6. (1. 066666 411. 416,

0666611616, (16 066661, (1661111. 3330313 66. 66
73. 353. 333. 433. 494. 504. 511.

ΠΙ.

061166, pratum in 111 1161666166 666.
0616666666111. 66. (1. 1111161116 66. ·

 

