817484777881 (8188877788) 8788 8777.
8174811877 (81881177) 711.
8178117877 (8181117) 711. ,
8174811 11881887, 18 8787 11811881 888
8141188188, 711. 8 81 88841188 877.
8181888177, 711 1888788811414184878878-
71. 87. 118. ’
8147777818, 711. 17 8 8. 8788814818 884.
81477188, 711 h. 8. 8. 87888 mechom 50. 51.
8187718774, 711 8 8. Q 8181188 844.
8147718, 711. 8 8. 1 1781118 887.
’ 8187711818 woh, 711. 881 1781118 888.
8147717177, 8881188148 1871887778.
8187771718, 7118 p. 118188817171.
8187188,7118.8.1. 088118718818888124111·
8878 8881) 778. ’ ·
8188877188, 7118. 8. 1188181784 menn 144.
81881177, 711 88. 1. (1811188 888.
81878818, 711 8 p. Q (187117Ι 848.
81778888, 711 8. 8. 1 0177 11788118 881. 478.
8177818, 711. 1. 8. 8. 18178 28887188 81 088 887.
808114. ·
- 7117. p 1. 8778817478 474 444.
- 118774, oppidum 418- 478. 487. 471
- 81874,711.188..188888 81818818
Nova) 888. 487. ’478
8177818, 711. 5..p 118181888888 1818111·
18787881878.
8188148, 711. 8. 8 71 87888818 (8888 18 8.)
488-488.
81778177, 711 88.(1118818887888. 7 11. 488.
8181177,711.88.1087881888881148188
444 448. <
871747177,.7117.77718817717118818.ι
87887488771884, 8888877888 (8881887181711.
18. 8. prope 88817. 078177 84.
8777471784, 711. 8 8. Q. 1118887888 888.
8878878177,711.88.188888818 (8888781.
018188) 477-481. ,ψ
8818188188, 7118. p. 1888177888 817. 484.
8818718788, 711. 8. 8117811 188.
88711177, 7118. Q 14817881 488. ·
8871187188, 711. 8. p. 1Β811818888881Β788
818 81878) 747.
88878781718878878177) 711
- , 711. 8. 8. 1817718188 448.
18 8888878877 Ρ8888, 8811118 477.
888787887887, nobiles 18 8781. ’1877818 448.ι
8881181888187811118818417.
87881188, 711. 88188187 (8888881111
“ 88877188) 887.
8881184887, 8817118818 878. 1181178 871. “
8888187188, 711. 8 8. Q. wroeimowioe 8.·77.
8777781177, 711. 8. 8108881811181171848. “
877788, locus in 711 Mimo 481.
8771717471, 7118. 8. Q 8877871878 118.

. 17111. 1188. Index Tom 11.

8877787778 (8817877777) 777

·877784718188(88871784)711’
’ 88717811181188874

87171877 (1181117) 711.
- (18777781
8871878717 Palus, 8171748177 877. 877. · · ’
87714884, 817. p. 17478871 488. 481.
881848188188, 711 8 8. 1 17818117 474.
88117887, 711. 8 p Q 0871188 888. 888. 878.
8887717177, 711 8 8. 1 1771118 887.
8878788187771781841774477887. · ’
87717718711771178
881148877188, 711. 8 p. 1. 1178178788 878.
8811848171, 711 88 Q. 1118878 48.
881878718818117) 711 88. 1. 18818 888.
8817811777, 71111. 8. 818178 (17117 81 11118188
118. 788. ·

8818117174 (8818114) 711.
888178818811747877187188418. ·
8818771888188187188)7118 8. 11818188 87. ,
8817771174,7111881817818718188181084117
mmm. 7177 [7778777 (1177188771 111·
88177881) 711 18. 8. 788.
881787488777888188118887188), 711 881117- ,
7717784878.
8818187177 (8818181171) 711 88. 1 Ι1188171887.
8817817714 (8817811877), 711 18. p. 87888 88811
’,8818187184 711 887 Q 111117 18888 88ἐ 1
11888788) 178.

- 711 88. 1118187181 887.

477. 874. ’,μ’
88778487 (88777777) 78 '¹ w
8877817488, 714 87888 08181 0pr 888.

11171174 418. 478.

881884, 711 88114188818478. 78.

· 88188, 8881188 477. 555. 878. 874.

- vil. 18. p. 87888 8881881884 888. 881.
477. 488. 484
88171888 8717878874, 817177 0788871877 4.
8817488 (88188) oppidum ·
17 877748 7777787, 11871777 78. “
88174881718188. 88111177 878.

. 8814, fluvius 788.

8881811877 (8881771177) 711. , ,
8881888788718 am. 71118717 481. 488.

88881, 711. 87888 8881 111818 887. ’
8818188, 711. 8 8 1181788117 (88888. 81.

’ 1118188818) 888 878.

wamy, 711 pp 1778877718 771.
81884 (smine) 81 ·

¹0
48

88488774,711.8.8.11188188187188188.

88488771888, 87178 88.
8848887788 (8888877188), 711. 7. 8. 11881817 787ὶιζ

. ’ 888881178771 18 711 18788111 444.

884888771488, 87178 88. ἡ
16

 

