515

· 5555„ (44444) 444 5. p. 4. 555445 (1555 5 p. 55444444 5 4454444455 555.
· 1. 0145151) 545. 1144144144, 411 1. 5. p. 144154 1411445444 ot 85-

= 1415154444 (15154451) 411 1441145541. 555. 575.

71415444,141554 Non (151555) oppid. 515. 554. 1441544414 111515, 411. 5 4114115451.
554555.145155114445514114455.
- Antiqua, vil. 14. p. (nunc 545145 cum - 14 5554 1545 545.
« oppido 151545) 515—515. 555. - ,1454515515 45 85545455 15 4545. 555
7741544414 Clemens, 55445441 (1454541444 55. 545.

1415454451 715545 (1514545), 411 549111- -· ,4455545 4151111151 1144141555 555.

’ 4154155 555. . · . - ,451455 411 1111451544 455.
- 15444 (1415541), 411 5. p. 5 1151- 155151541544 (1551114154) 411.
4154514144 551. · 7145145450), 411. 5. p. 1. 7441554454 545.

1415451544 (15145144) 411. 145441114414, 1445115514 15 4554 ’15455 54. 54,
1415411155114114415144,144555, 1544514555. ,441407411504551 -
14154414, 411 prope 1451541155 555. 7144511544 (14551414), 411 5. p. 1 8154544 555.
14155441, 411. 5. p. 1. 1114155145 (44444445. 441115· 544,
4)55444441554)15(7.1144451444454115557.Ι
1414445,14144455445,445111451455454 1514444 15115ςγι,11411545 (1414151411 5. p 14 1454464

-,1134134145514·24355 (1441444545) 55445 55. 55. 151111541544414154515.
154. 5515455155. 1411541114, 1411555144 (Ram) 411. 15. 5. p.

141444544544141445541541411 54411514 ἑυθῑιτ511454164451515444( (5454441015
4554. , )555 555

5414554455 (555555515 * 1511541 (Bm) 155555 5 5 5 1151515·
7744145554, 41 5. p. 5. 1514451554. 555. · 555. 505.
15 1514544454 Nico). 15 5454. 1141144415 454. 15111444444 (1141154155) 411
’ 5554445154 (1411454114. 5555, arma 55. 155. 515. 515. 515. 515. 555.
55525555555555 woly· (141555451411415) 411. 555. 550. 555. 555. 545. 545-545 545, 445.
’ 5415445444 55545 45. 55. · - · 515. 551. 555. 555. 555. 555. 551. 555 515. ’
, 7141454155, 411 15454545 5754445511 5551. 55. 515. 515. 515. 551-555. 555. 5552555. 555-
555255555515 (1551515544)415. ·2 · 555. 555. 454. 555. 555555. 551. 555. . “
1141514514, 411 5. p. 1 (1544)· (44441515. p.) 555. 1541144541545455(144554.14444). . ’
1414141554 (1515155145) 411. 1445154155 (1445154145) 411 5. p (1114154544-
141414454414 Petrus 55. 55. ⁴ 44 545,

y 1414144144, 4111. 5..p propo oppl 8154155 454. 175445511ιί54 57111545 (1141551411 5155. 14·

-· 1155511155551555455 ⁴unffi(35:550)viL5.p.‹5.05155555111555..

j 14114454414111515, 411155. 4555555511 7144414 11151541 555.

81441454 555, 77544515 (1141410411 5. p 1855455544 555.
1414455144, 51144 41 1444544511 455, - (11411 5. p ’1 8514154144 75. ⁴
- 11495440), 411 h. 5, p. 555. ’ 154111545444140) 411555, -
1414441444 (151554451411 555.p.p1·5p55p15‘.55251155,vil.5p(l.Ty11155(11111155155151555¹

’055 5555. . -
141544 714154 (115154), 411 5. p 5 1541445154 1441441154 (1551151145) 411

75. · Ι7,1444444115...5111441544475
1415444, ager 51 8541114 455. ·114444414151445. 44511114 575, -
1515451555 (15154155) 41141 (1555441455 55. 1595115141 1. 4 p propo oppid. munh
1145514544 (1541155141) 411. “ - 155. ·
1414114541ωο), 411 5. p.d. 011145444155 54115947115451144455141144454154445574-

545. - 1544114154, 15555454511455515 545. ¹

⁶ 14444445, 5455515555 411. 5551oe 555. 1551101411 55. p. 551. Δ “

1154545444 (14515554) 411 ’ · “ 15 14477 1154551554, 54545451 1145541544 555.

’ 1544554415 woly· (R5111550115115 11514) 411 1541445155 1415575414, deum 01444 577.
7154554444 (1555444) 411 - 11145155514455501544 544. 545, “
1444141440) 411. 5, p. 1. 1154515555 474. - 11145145515551411,1544544.01444 511.

 

