vm

077111177781 de 7118.Β1117171177’1 418. 0117741817117, 0117787717, 0077717717, ωῃ.
0771117178878111117,171181811. 88.181.188.1777717171111.0117777417 177
718. 778. 747. 787. 788. 777. 441. 442422. 08177177170111771111111 0111777717, 0117771777
477. 817. 817. 787. (0111771717) 711. 11711. 77777· 7777177777 777
0771711777 ’18111117 rex Polo. 18. 181. 888. 484. 811-518. 884..
07171874 (11711187) 711. de 0117787117 1188771117 de 7111. 01187177 488.
07111117711,01111117817(Κ7711111711)1811.0111774717 18817711 2 p. 1 1187171777 101.
0717871478, 18111177 de 7111 0171. 888. · 0118711181 (0111811181), vallis 11 711· 11718117
08171874, 111. 7. p. d. 1171811187 888. 888.

0714111774,11111.7.11.111811781111 1888111117 188. 0111ζὲ79(01111(17)7111.7.1.1181881.271187177
1581771, 9

071711177711111.7.11.11181171171811888.884.0117117111(0111111111)111 1181111118 oppio)
0777878711 (3188118187) 711117 · prope 1118787 888 888. 888.
01711781177111.0771318.081171811187781(01111171111)111 2. p. 1. wop
0177181111(01178117)877111111778. Δ v 81881181(111118711. 1111817787) 818. .
0117171111, praedium prope 0111811117 818, 0117171817, 0111771781 (0111117187), 711 7. p. 1.
0877118871817, 0118118πί87 (Η71111187187) 111. Dzialoszyoe 418. 788. ’

7.11.1.881811111418.’ 0811771874 (0111117187), 711 7 p. 0 11818711
01771171, vil. 2. p. d. 1177117787 878. , 888. -

0117711711,0117111111(1171118177)111.711.10 011171871817,011117717871887(01118181187)111
77118111 224. 711 1 117871 220. 222. 204.

0117111777117, nobil. 224. 011777111718111117188. ·
’8177717 (1177711111. 8117177777 (8171717171. 7 p. 0 871777 77.

. charwlmky, nobil. 188. 181. 0188178171,811171118 188.

. charz, vil. 711. 1. 1177811177 888.011881117181117117,17 7111 orm 781888.
0171871817, 0171877818( (0171177177) 711. 11. 7. 0118811117 (01877117) 711 h e. p. 1118117 81111117·
p. prope 8111111118117187 848. 788. 788- dorice 222.
201. 018817888101188111871μίι 711. 81111187
0871887817(0171781177711711.1108181111) ⁴⁷⁷
· 412. 08818177 (01181877) 711.
0177777171817 (0111111181) 711. 7. p. 11.Τ8778771 01181711Ρ711117 444.
(7717777177, . 0118111811(01181187)1117. 11. 1117171187 888.
0117118117 (11711187) 711 h 1181771 81111118 0117181817,01181717877(0118171187) 111 2. 111
11711711. 188. 122. Β8811117177
01771111170171111717)111711108171181711188.011817711701711817,11171171117888.Ι
0117811111 (0111181118), 711 loe. p. 11118 011177 71 0881871817, vil. 81117 cum 711. 1111118811 87.
Κ18118167 sita 125f127. chomnnrhow (0181171187) vil. 11711. 1111711811·
01788717781, fluv. 188. 187171 1181187188 opp. 888-884.

’ 08781178717 (1) 111. 7. 11. 11. Gnojno 448. 0187771188(0118117118771) 711711. d. 871717·
· 01171171(1)111.11.7.11.148.Δ jowice 881.

1 - (chelm) 11111.7.11.111ο117 oppid. Bo- 0118171117, pratum in 711 1181111187 888. ’
chuia 118-718. 178. 01877711817,01181711877(0118111178) “.1. ’
01171111(1)7111117.11.111 terra 8177117171 420. 7771178171. 784.

- (0117171787 p. d. (1717777777 57 0881171187 17 11771871877878 de 71111 17117

- - 711. 7. p. 1. 11717117 888. 888.

- - 711. 7. p. 1 2717177117888. 0118117717(01181171777)1117.111 Wojeimkov
0117171711, 711. 2. p. 1. 1117118111 222. (1118 7 11.(1. 8718181117) 888.
087111787177111. 071817 88. ο187878717(818177177)711. 711 o 077· 184.
01178111787711111888, 0181771814,111 1171111811881111 1118188 811.
0181087871817(0117711118187187), 7117111. 888. ,

υ 0117187178 418. 0118118777, 711 7. p. 1 1111181877 71.

’0111111877 (01171187) 711. 11. 7111118117 opp. Bo· 01181777,711118.11.11111 81111 Soleo 87 1778-
1777111474. 420. 4887177848881887874.

0118177111 1118817117 811. 01181777 (01181877) 711
. 01117ὶ1ἶ1,817817,118111177 (177111. 0118777 817 07ᾍηέἒ171,(1(1ἑ11787717,118111187 177111 rom

 

