mvn .

111331131331313 (1113313133133) 311. 3131 113· 1113131111, 311. 3. p. (1. (3131331333 331.

13133 471. 1113311331, 33131113 363. 333.

1113311331111 131133. plebanus 463. - ,.13113133,3 p (1.83311131333377.
11133111, vil 3 p (1. 1113131311 (3333 3111 1113311311313113, fluv. 316.
01131131) 343. 111331311131111(1(1, 311. 3. p. (1.1113113313 363.

- 31131111. 11313133 473. 1113131113 131133. 33131113 337.

11133331313 (11133331331,311. 3. p. d. 13111113· 1113131111311 (1113133131) 311

3133 343. 111313113131111 131133. (13 3133 1111113113 433.
1113333311, nobilis 343. Wyeiqawym (1113111331εέ1 311
= 1113311331331133 337. 11131113113111131133111311311.

11133111313 (8333131313), 311. s. p. (1.1131331· 11131933 (11131133) 311.

33 44. 1113113111 (1113113113) oppidum.

11131331313 (1113133133). vii. 311. (1.131113113111 de 1113Ιί31113 13333 (13 3133 11133133 333.

(nunc 3. p (1. (11311331 133. 11131113 Ν131,3133313Βο(13113313.
11131111,111311131 13 311. 811313133133 377. 11131133311 (1111113333) 311.

1136133 (1613, 31333 13113 Β133313133 3111311131- ·11131313113 (11131313131311.

33113 16 111313113131111313(11, 311. 3. ρ..(11111311311133 333.
11113313, 11113313 1331133 ud 311111111333333. 367.

“ 11113111,1111(13111(111111131,311. 311.(1.0313-11131391333111(11131311333111) (133131. 8131111311

11133133. 177. 7333. 311-131373
11113131 (11133311, 311. 1131). 311 331131133833 1113131313111(111313113131111 (133131. 8131111311 36.

313. 350. 367-369. 118. 131. 235.

1111313111, 311. 3. p. d. Opole 313. (13 111313113113 1311113333 1311113313 333.
1111313313111 (13 urm. 11333 313. 11131331), 311. 3. p. (1 81111113 11333 433.
1111311313111,311.11. 3. p. prope 11111111 335. 11131331331111 (13 3113. 1111113113 333.
1111331 (111333), 311. 11 3. p. prope Przytyk 111313111133111 (13 arm. 1111113113 336. 337.

333. (1311131113 131133. S. 1113311133331331. 73.
111133113611131131311. - - Martinus, plebanus 173.
1111333313, 111. 3. p. d. 0313331333 331. 11131131311 (1113131313) 311.
11113333311113313, 11331. 711131113133133 33. 111311131133311 (1113111331οέ1 311.

. 1111331313 (1133333) 311 ’ - ,111311331333 (11131331311311.
1113133133111333311131311. 1113113913313111 (11131311333111) (13 3113. 81311·
111313ηά11313 133131 (8313111133 Β111313) 311 11311 373.

- Μ1331(831313113Ῑ)318331 vil· Wyoiyeqiowy (Wielogiowy) 311.
113313313331113,11331133131331113 (1133311313 (13111311311313131133. 13133313 (13 urm. 81311-

131311. 1131335.
11331113ιί31, 331113 ud oppid. 83111163 333. 11131131313111113111.1133113 8131111311 11331111 36.
111131 (1111111311. · 1113113113113 (1113131313) oppi.

1133117111. 3111101313111118110534· 111311311313111313111, 311. 3. p. 11. (1131333133
1131113373 (sprewa) 311. 366. 367.
1111331113, 311. 3. p. (1 Β311133133 (nunc 6. p. d. 1113113113113 (1113131313) 311.

1131331433·ι 1113311331 (1113313331 31313.
1131331131113,311.11. 3. p. prope 0113113 333. νιγορη, 11131113 (Wieprz) 311. 311133.

337. 1111311113 (11131113) 311.

“ 1131331118131311131111 1113111111(111311111111311.

1131313, 11333113, 133131311133131311. 1113131331 (1113133311311
1113313133311113331133 73. 11131311313 (1113131331 311.

1113331311, 31313 (1111333133. 77. 111313113133, 111313113133, vil. olim 11 e. p.
11133311331313 (1113133133) 311. ’ ⁴ post 3331 oppido 11113113 33113361133.
1113331313311313 (11113133133) 311. 111313133111311. h. 3. p. 67.
1113331313111313,Ι 111313331333, 111333331313 11131311131(1113133311 311.

(111133331331311. ’ 1113131131, fluv. 314.

111313331313 (1111133313311133. 11131331( 111331. (13 3113133133 343. 313.
1111311311ο1ιωί1131311313131133333. ’ 1113133311 (133131. 11131333333 313.
11131131 Albanus, 33111113 333. 1113133313133 (11131333333131313
11131113, 311. 3. p. (1. 1111311333 11. 3 1113111111 (13 mu 111313313113 313.

’ mmmmm, 20

 

