7

17 07717777117717177, 7117771717 77 orry-9¹1 17 7777 07777717 47. .
7777714777, 1177177717 (1177171477), 711. 7 711. - ψ (9199191111119119. 77. 199. 777777

1717777117 199. 991. 999910. 777. 774. 919. 999-999 991. 447.
077177, vil. 9 p. (1 1177771177 195. . 477ἱ 477. 599. '
Gnmodtyen (6777717177), 711. 7. p. 18777777 onya-111· J9eob91, nobilia 777. ¹

777. , , 0777777111777777 domun (17 nrm. Gay-h) 747,
0777771( 17 77777. 8777171777. 777. “
07777771( (8777777711) 711. 11.9.p.p19p99pp¹ Tu· 077γ777717 presbyter 7.

71777 777. 1799129111111111 91 1417477777 177777 (17 7777 749
0777777777 (07777177) 711. 7. p. 1. 0177177177 (nunc η ja 777.

9 p.. 1. 999191) 777. 0777777777 17717777 777.
0777717777, (17777777 (1), 711 7. p. (1. 17117777 (1) 0711777 0711777717γ (071177), 711 7. p 11717717

951.- 259. 599.
0777717777 (1177777177) 711 ., 0771γ777111777777, 17 7777 1111777717 474.
(9101111‘9119011909199. 4. 0717777 1777777717 (011177), 711 1. 11 1 b
077117 do 77777. 11777 777. 777. 477. 477. 444. 91199995. - ,

577. 747. 071γ7771γ (17 arm. 1777177 775. , -
01919991391119 17777. 711 1177777777 744 0777777177 (1177771717) 71117. 77. 777. 774 747.

XX·

¹ 077171771777((17711777177)711 777.

Grothqyky (07777111), 711 7. p. 1177771717 0777 (11771711.

11677777 199. , “ 77717 111771 119 7777 117774 959919. ,

0771777717, (1777777717 1717777777 77177. (1777477177 0711777777 (1177777177) 711 7. p. 1. 077717 747

“ 777. 774. 477. · . 07177771717777711117717777. ..

0777717777 (07777677) 711 077177, 711 9. p. d. 11777717 8177771777 771.

’ 0777771717, (17777777717(0777777371711)171777· 0777701777 11711777 774.

¹ 1199 episc. 8777771777. 777. 777. 0777771777 (07777777) 711. , ·

0911121111ky stanislai relicta 17777 477. · 0777717177, 711 17. 9. p. prope opp. mayn

07777174, 711 7. p. (1 1171777777 477. 477. 177. Ι

- 7711. 7. p. (1 187771777177 77. 0777717777( (0171771717) 711 ’-

etym, oppidum 110. 111. 09191911119 17 7777. 0771 777.

(1777, arma 19. 99. 77. 59. 77. 99. 99. 77. 777. omum (1711717) 711 ,Ι
1³7.159. 199. 111. 191199. 191199 901099151191 0991131919 (0171777777) 711 ,
919.191.991.951.959.991-995.919919. - 77177 717471 (177471 17177717) oppa
298. 999. 905. 909. 919. 919. 999. 991. 119. 519.

777. 774. 477. 477. 477. 777. 0911911991111191915199(ffl9191911)911.

077777777777, 077771777777(0777117771771) 7117 ογ7111177,(17717717(171177)77777. · ’

p. 1. 111771 (nunc 9 p. 1. 1777771717) 747. 0771711777 17777777· m wippam 777.

· 0777777717777((17777177141)711177 suburbio (177 ογ717777(1) 711 1 9 p. 477. . .

7177 78. ’ ογ77777777 (0177777771711. 9 p 1. (Mn 71
011199129191911 (Gmgorzowioe) 711 17 9. p. 177· 177777 117177 777.

777 8771717 117777 71 11717117 777. 477. ογ777777 (Gityn) 711. 9p. 1 11771777.

199199. . 0911119911 (77771777 777 711 Boron 477.
07777777774177 (Grzegorzowioe) 9111 p. 1. 919 oyczowym19191591091111.

eiechowice 99. . . oywnnowoky 1177174717 1777777 0177774 77.

17 07777777777177 1177771777, (17 77777 Topor 0111991911(G1919199)1il 9. p (1 1711717 777.
488.

077777777777) 17 77777 Topor 77. 747. Η,
07777777177777 nobil. 199. ’ - .
0771177777 (1177717677) vil. ⁵ 1177177717, 77777 7ο. 77. 77. 77. 119. 919. 717.
enimn (67777777), vil. 9. p. 1. Tuappy 119. 774 999. 777. 777 777. 777. 777747 747
ι447. . 852. 853. 818. 858. 888-886. 888. 878. 401.
0771771777. strepa 119. 117. 119. 191. 191-199 119. 115. 477777.
0777777777 (0777777177). vil. 9. p. (1. 8147777877 991. 774. 777. -
777. 11717177, 7717777. 711. 07777777 77.
07777177, 711. 9 p. 1. 1177177177) 77. 477 477. 8771717477, 711. 7. p (1 17717 999. 777.
077γ17777, 711 9 p. (1 01677 119. 111111119111, 1177771771, 71717 cmv. 77.

 

