mmmvik 044. , .-

Ρο1010400 woly· (1), 111 4. 0. 1. 11001 417.

1101011010· (1001041100), 111. 1. 0 1 epam 13.

1101014011, 10111100 10111, 01100 wudu, 401101·
nt 102.

mlum! Johuu 11111100 10 unu. 0011010114
404.

0414100010 11110111. 10 01111. (inhiabo 111.
10011011 (1001101)111
80001010 Clemens 331.·
10 1101000 (1011100010) 1100000
9010110101100110801000101110010111.
-,10111110133.
1101011010 110010 04 Pam (10100000) 111.
1101011011 (1010100110)111 ··
1010101011 (1310011103) 111.
- (10111 1100101101.
1010100101 (1010101010), 111. lu 9. 0. 01000 111111-
01 90. 412. 414.
1101141 ι101101. 10 0111101110 434.
- 1001010001110.
- ,10111113 131.
- ,00100011111100141340
111111 10101100, canon. 0100011οιιῖ 44. “
·1040100000110041)0110,1113.0.1011101110·
uice 949. 949. -
1010100100, 111 1. 0. 0. prope 0001 11141100 30.
412. 414.
11000101100, 111. 0. 0. 1. 8101010101 411. 410.
110011, vil 9..p 1110010111. ὁ
11011001θο11.Βί101014011141.
- ,11111101110101011011100110 00111011-
· 10 219.
- 04101100 1000010111001010011101100
999.
- 100111. 1101001141.
- 0181111101, (10 0111. 1110011111 313.
- 1001111110110001.
- (1001111110 419.
- sartor, 01113 010001101. 4.
- (1001108110110110113.
- 10 31108411000110140.
- 0410001100 10 0111. 8010101110 474.
- (10 011. 1110110111, 0101101. 111.
- (11001) 00100. 0130011001. 04.
- ,10110001811110100100000140040110
10011010, 111. 0. 0. 1. 0041100 134. 331.
110011οο11100, 111. 9. p. d. 0041100 314.Ι 113.

-’ mma· (0301001011.

1111110000100010110110101100) 111. ·
91100100010010 (1140101010111 ·

,11000010ιο (11100οι00) vn.

3111000010 du 011. 800110100140
1111110010 (10 0111. 1101001 311. ’314

1110100 (311101) 10 um 100001 004. 001. 100.
Ρ100110110011.010101141.

1100041, suburbium (10001100 01.
· - wioni, 111. 110. p. 01000 1010101 1. 1.

9. 11. 420.
- 11010111, 0. 01, 110001 1110111 (1110 0.
0.110010110101)0.7. 11.
- ,1110 0 1 10101 11040 411.
1100141 111101110000111111 400143.
0110001(1)111.3.
11101000, 111 001 110010134.
810110001011001040111,
11Ιο0000001, 111. 0. 0. 10101100001171. 17. 33,

’ - 110018010100(1110001

01000100) 999.
11014010, 1110 0 1110101οΙ00 113.
- 111..001.Το1100(11100...01110011)133
Ρ1010110100001000 (110101101οῆ1), 111 0. 0 d.
11100101ιί00 43.
1101001000001010010110110011. 111ιο 41. 49.
-' ..10001 001001. 111 8110101100
49.
9100100101, 1101104οὶ 10 0111. 101111 11-17.
110.
1100101010 10 unu. 0010001 01. 11. 01. 99. 914.
301.-
1110101000, 111 9 01. 0111011407
8101101411 100111. 841000 11. .
Ρ10110110100,0001(11113303341301.’
Ρ1010011011,111. 0 0111100011101117.γ
ΡΙοηο14010100, 111. 0. 0. 1. 11ίο0011100 117.
1100110041 111010, 111 0400041111 00. 1. Ι11110·
0101ιο 13. ’
1410011000 111. 0. 01. 81001101 414. .
1104000100100, 111. 0. p. 1 Ludppovi99 (11110 0
0 (1100100) 100. ·
1³!49999,91·u19991.99-109.111.150.191.199.p
196. 199. 901. 999. 299 247. 999. 910. 929.
9³19 991. .
1111011614,111.0. 01. 0111101100 (1010 9. p. 1.
1101101100) 000. 001.ι
1111011 (111100) oppidum.

10011010011010, vil. 9. 01. 1110101344. 141. Ι 111Ιο010100, 1110001110 (mech) 100111. 1011110

- 11101110, 111. 3. p. 41 8100001100 331.
031.
1101000100, 111. 0. 01 1104001111 3ο. 04.
101001110100, 111. 0. 0. 1. 1101111111 473. ·
11011001000010 (1011101100111. “
111111400ηο00 (1011011100) 111.
10 111ιο110100ηο 8010101010111110 111.

180. 188. 209. 211. 917. ²19. 499. 999

’ 1111100, oppidum 100. ψ

- ,fluvius 01.
11110110, oppidum 141,Ι
10 11110110 0110044413, nobilis 400. ὴ
01300000, oppidum 301. 000, 001. .

111131101, 111 0. 01 11001001όο11 100. 999.

 

