,Χ1

0199919119, 991999. 91111119199911991193. · Ι 0991119 11199999, campi villae 11199199 919. 999.
01911199 (8119911119) 911. ’ g 099191 1999 (099199191191199 111 11119911 411.
019191911, 991991. 91101999 379. 0991911994 119191 91 111991, 911199 919 1. 1191·
0999999199 (1191199919) 911 . 9999 199 419.

01919999999119 (111-1939999911) 119111 19 0991911991119111199 19 arm. 11111919 431.
0199911919 (0119991191) 911. 09919199919 91199 Τ199999119119,19 9119 9910-

019γ9999949999 (1119919199199) 909. . 919 999. ,
09911911(11991919)911. 0911999191149111 19 9919. 11199999 109. 909.-

9991191191. 914. 099199919199999 (0991999199199) 111. 9. p 11.
cudxynowy910199995n09109191 19 9919119 1119119919 191.

8191111199 144. · · ⁸ 0991919919, 0991199919 (0991999111) 911. 119 p.
019119 (111111η) 119111 · 1111191111) 0111999999 9111111199 99. 411. 411.
0111911γ(1)911. 911 1 099199111111 111· - 411. ¹
0191999114, 99119999 39199191 Pudici 199. 0991999911) John 19111991991999 919. 971.
0991999, 09119999(1)911911. . 0991999991919 arm. 119 90. ³ Ι
01199999 (11911199) 911 , 09919919 nrm. 11991119 119. ‚
0119919 (1199111911. - 19119919 1191991, 1119199. 199
0911999919 (Κ911991199) 911 ·-' 11191, locus in 81199199 191.

09199911 (1191999) 19 9191 Bm 117. - - 1919110119919191) 911119.
0999999911 (1191919911) opp. - 1949119111 11 9. p. prope 11919 901.
19 091999991γ,19091ο999191119 (19 11919999· 0991999911191999 (0991119199) 911 .

11) 11911199. 0999911199911919919, 0991119991999η, 99111 99.
0111994 (1191119) 9191. 91911. - ¹ 09991994 (01119199) 911. 9. p. 1. 119919919πί999 ,
0919199119 (1111199911) 1191111. - 0199199119, 0999119919, ’11911119 113.
09199999999111 (1919999911)11911 ’ . 119199. ,
0111419119,“1119111111 in 111 09191199119. . 09991999999 (0999119191) 911. 1. p. 1 3991919(-
0111991919 (1191919119) 911. 99 111.
011991911γ (11919911) 911 09911199199 (1911119191111 ·
oyungowyozo (0199999199) 911 099199991999 (0991991911) 911 9. p. 1 391111 147.
09999991999119. (1.1819198999931. . - - 911. 9. p 1119191911
cygnorum (1111119111) arma. , 471 ,
0911919919, 911. 9. p. 1. 1191119119 1111. 0999119 19 91111191119199199174. ’·
’ ογ911194,1119.)).1.1199119111199111. “ 0999111194, 1119. p. 1. 111991191ιί99 391 391.

- 911. 991199199111911 199. , 0991994911 19 91111 1191191911.
9919991119. p. 11. 1191919149, · > 09111119, oppid. 999-141.
09999994 (09919) 911. , 19 09911119 0191119119, 11199111. 941. . ’
,09999γ99 (0199199) 911 0991199919199919.Η9191914119. , .·
09911999999(09911199199)9119.ρ.1.11199199· 0991199111,1191111 199 911.

11199 64. 0999119911) (019919911) 111.
0991919199, 911. 9. (1.1 Β1919 1191911111. 0999111 (099919) 911. 9. (1.1 1199911191 11. 113.-
’ 0999911199119949 (0999991999) 911111. 09961991119191999 (019919199199) 911 .
099991119911994119 (1) 111 9. (1.1. (1191091991 0991111919, 911. 911. 1111111191. ,

991. 0999111919 (0199111919) 111. 9. p. 1. 1911199911
0999911999119941999 (099919999199)911 ·, · 911. 191.
99991119(1999191)911.19.9.91999991. K911· 09991999119199191 1191191911.

ty 999. 991. - czoohmhy 9999999911 (0199119111) 111 9111,
099919 (019919) 111. ,199999 149.

0991119 mgna (09991911191119)911119..11 prope 09991999, 1199119. , ,

opp. 81999119 41 19.. 0991119991. 199. 199. 901. 905. .

0991119 111991 (0991119 111119) 911, 9 1111099111 0991919194 (0919199) 911

11191119 49 · 0991919 91199 119190) 911. 9. p. 8.,’199911119 0911·
09919991199189919139139. · 1911199

- 11119. 919. 999. 493. 419. 999. 099199,191191119111 11110919919111911919.
099199191999111, 0991119 119999 (0991199191) 911 0991991190) 911. 911 11119111199141. ,

91019999191119.11. 0991993191999 (0991999199), 911 911 14901

099199 Nm, 99mp99 19 911. 0119111969 4411. 999.

 

