- 1,”“·.’ „⁵

111888881816818111. , .
mm. 81 ι 8 8 sonu-⁴1³.
1188181881 (181118) 811118.

Q

- . 1188881811181801118111111881111.
,mmhmwurmyvstups

m

81888 88818118181. 887.

11811181, 1111. 188188181. nd 8881188818 118 1188188888 (1818118811) 111

“ 118 188181.
Μὴ, 111. 8. 8 d. θ8181118118188
1181111818, 1881181818188.
- 1811818 81811181 118 nm θη( 282
- 18181188, 88888181881088111811281.

blla, 88881188 88811818. 888.

1181118, 8188 111 111. 1181188188888 171.

1181111 (118181) 811118 188.

1181118188 ’118 111811ιί81118, (188111101188818 288.
‚m -

1188118118 de 8181. Β11811118111 148.
··· (18 1818188188, 88811181Ρί1818 111. .
- 118 118818, mon. 018181. 281.

‚ - -dux 1888881188 811. ,ζῖ
(18118888118818 (18128188811188) 111 18.
1118118818111, collegium 81181181 8811118 18.
·. 1111888 Jacob. 118 1818111118 21. .
1111111818 (1811881811 118 81111. 1111818888 418.
1118811 de 1118 81818188 188. ’

- (18 2888188118 842..

1111111111, 111. 88. 1081181188 428. 828. 484.

1118818111, 1118188181 018881. 18.

1118111188 (111818) 181. 188.

11818181, 81818 11. 12. 17. 77. 78. 288.

11818818 (11818188). 111 8 8. d. 0118181 0881118118

m. 37³. ⁴25.

11818188 (01818) 111 88. 218. .

111 1111111111 118888118 81111 08818828

1188181888, 818118 nd 888118111118128. --

11811888 1181188818118 am 1181818888 212.
81811811 118 8118 ’18881 488.

1.

1188181881888111 8 8..11 &emiorum 111.

1881118, 0881118 (1) 811118 8 248. 818. 284. ·

1881811188 11818181111881 (18818818) 81 1 8. 8.
intra 0181811818 811188818 188. 188 118-
160171·

1111881818, 1111818828 (1111181188)111

1111811818 111881. 78.

111118118818 (1118111818111. 8 8. d. 1811111 181.
—- - 111 8 8. 11 subm 71.

1111118811, 1111888( (01111188) 888

1118, 8881871481-488.

mbo-mowino (1811888118), 111 18 8 8 81 1118·

, 11811 intra Wolbrom 81 81818 888. 84. 87.

018108. , ’ ·
118 118118818111881818111188, 118 8118 1181888188.
1181818188, 111. 8. 8. d. 18118188 17.

18118188, 11111 8. 8. 81888 11188111 88-88. 481.

1111. Bon. 1111188 m

11181888118818 (1111818818111881) 111. 8 8111118·
11188 4

188118818881188118. θη( 818.

1118118811, 11η18118818 (1181811188) 111
18118, lam 181118 1118118881·

1811188 magister (2. ·

118 88188 (1888188. 117. 118 818. 887.

111811 81188 1818811811, 8881811. 11181181888888. 87.
·· ··· ·· de 01881181, (le unwie·
mm 11. -

- 118811 118 8111. 188188 848,

- (1) 8188111881 1. p. d. 11188181 888
1118111818( 1111. 8. 8. (811118 oppid.) 841. 888.
1888881888 (1178888188) 11118 88. 111118 opp.

11818 81 81811811 17.

Ιν18818881(1)8188111111888111188181848.

· 1111118118, 111. 188. p. 81888 888 8111811188.

11118 (lvo) 88181. .

1181811188-111 8 8118811888111111787871,Ι

ὦ.

111188) 111. 1 pf& opole ,118

18118118 (1811181118) 111 8 8 (11811111 821. · ·
1881181881188, 111 8810181118118818811. ,
1881181111 woly· (18818118 11818) 111. 881 Du·
1818888 488.
188811181811888 de skutffi. 88811188 888.
18888111 118 8111118118 188. 8117.
1888818, 81188 18811881. 08111 1188111 881.
81 Paulus (188111. 1118188818 188.
81 1818111188 de 81111 1181811811 77.
·· 11881111. 11811118 48.
de 8188 Nabum 888.
118 arm. 01118881 182.
de 81111. 01818 81. .

do 8118. 081818 88 848.
Petri 88 1811888481.

11111111111

Ι de 81111. 8818181118 887.
8128111888 8181888181. ·.·
- 81 111881. de 8181. 1118818118 118
,1818188111111 881 d. 11181888181188 118.
1888181181]818111111),111 88. ·.11 8118188811
8811111818 (1811818111) 111 1 88. prope 11118
88811111, 11112 8. 8. ’.1 1118181188 881.
88881118, 111. 8 8 d. 1111181478. 488. ·
1811811818 (181188) 111

 

