9999999999 (9919999199) (11. .
9991911199 (1199111911) (11.9.(1.1.119911191911199
, , 9111191911999. 99.

99999991999 (119999919119199111911911 449.
9991119991( 99111191 19 9191. 9191999 499;
99111919, Bothum (1191919) (11.
991111119γ11(1)111.9.(1.1.1(9191919199. ,
19 9911191911, 'nobiles de 9191. (1991119 199. 999.
9911191919911,119111919(9911(1)(119.(1.1.1ς919

9179111159.
991191919111γ,11911ι919(9911(, Βο111919(9999(,99

biles 19 9199 (199999 199. 199. 194.

99119, 199191. 011999 199.

9999991991) (11.9 (1. 1. 81199199 191.

99991199 (1) (11. 9 (1. 1. 1191919( 997.

9999119911( 91199991) nobil. 991.

999119 (9919119) (11. .

9911911· (999191 (11.1·

99991( Ρ99199 999.

· 9199119991( Andr. 199191. 0119999 94.

9199999991) (11. 9, p. 1, 1919999 999.

9199999911 91199 6191999911(91991919119)(11. 9.
(1.1 (1991919119 999. ’ ·

9999999199 (111991919πὶ99) (11 9, (1. 1. 119199
(nunc 3. p. d. 9191191119) 919.

9191199111 (1) (11, 9. (1. 1911919911( 994, 999.

9191199, (11.9. (1. 1 (19111 (999911 9. (1.) 919.

9191191999, 9199111999 (1119919199) (119. (1. 1.
(1191991199 (nunes. p 1. 1199991911) 949.
987.

91911199, (11, 311. 1 9119199199 949. 991.

9191999919 (919919999111 nunes. p 10199·
11991199.

919991, 91119 (119991. 9.

91911 (Brea 0999199911) (11. 9. p. 1. (39919119 494.

- (9191 Konopki) vil. 3. pa 1 019999 191.

“ - (9199991. 333. 333. 491. 499.

9191199 (9199911) (11

91991199 (9199911191) 111

9199199919 1119119, (1) (11. 3. p. 1 09119999
499.

' 91111(111(1()(11

919111, (11 9. p. 1 1191119119 499.

1119919191, 1191999. 114. 999.Ι

91999, nobil. 331. 944, ·

919119 (1119119) (11991 9919119 1919999991

9191, arma 999

9191199199 19919, (11(11999 9919911199
’ - 9111911119, (11(11999 cracoviam 19.
9199991999 (9199911199), 911 9911119999 919999, 9199919 (9199919) (11. 11. 9. p. prope 3pp.

· 91995γὶ99 (9199199) (119, (1 1 1191919199 999.

9199199199( (9199191199) (11. 9. p 1 ’1919999
481.

mbram (91991911) (11 991 1111991919 919.
4.

1119. 999. 19199 9911111.

gv

9191999911( 19 arm. ’1919999 991. 999. ’·
9199991199919113991191199(9191119999)(11,9
p.d 119119119911919119, 419. 199.
9199911199 Ambrosius 919,
9199119991( 199199199119911199 51.
9191999,111. 9 p. 1. 11991( 999. 999.
9191199999 ,(11(1999119)9. p. d. 1191919991( 194. 199.
9199991999 (9199911199) (11.
- (1) (11. 419.
9111999999 (1119999199) 1119, (1.1. Ιφ119 999. ·
91111999 (91991911) (11.9. p. 1. 91919119 et chle—
(1911919994.

91111911(1((Β1999111) 111. h. 3. p. prope op. 3133-

* 1191199 303.

Bryty, (11.9 (1. 1. 19919 991..

’ · 919999, (119. p. 1. Β9119119 33'.
. 91999991991999 (9199919919) (11. 3. p 1 My-

9191199994. 999.

· ’ 9199111199, 'vil 9.(1.(1. 99199999 999 ¹

9199911111, 9. (1. prope opp. 1191999999(ν 99.

9199991191999 (1119919191111 . Δ

9199999911γ(1)(11, 991 1919919499..

91999999,Β199999(9 (91999919) (119. p. 1. 1111919·
nice 33. 33. 34.

9199999199199999919 (91999919) (11 3. p. 1 (33-
1999911199 999- 333. 133-

9199911991199 (1119111911,1119999119119(9,(Β1999119
11999) opp. 19919919 ⁸ ·

91999119, 1119999119 Antiqua, 91999919 (91999119
Stare) vil. 199. p. prope opp 91999119 119119
161. 199919. ·

Rumon (91999919) (11 9.(1. 1 0911199191 994.

9199999 (91999919) (11· 9. p. 1. 9199991( 999.

9199991999, Brzezycze (91999199) (11. 9. p 1. Bi·
91919199999. ’

9199999199( (9199111199)111999119199191499.
4715.

9199999999 (Β1999111999)9119119119)(11 9 (1 1
091191( 919 ,·

9199999999 9199991999 (Β19999199)(11.119,(1. · ς

19119 opp. 9199199119( 91 1199199199 999. 999.
91999999991119919199) (11119 p. (119(19 opp.
99911919 191. 199.

’, 9199999999 (1119919199) (11 h. 9. p. (119(19 opp.

11911199 919.
9199991999, 1911999 333.

91999919(11199919)(1111 9. p. prope opp. 1119·
.(19199199 31. 110. 199191.

9199919991 (1) (11, 9 (1.1 0111991919

1999999999.119.199.191,
91991191(1)(11,11..9 p. 999. , ,
- 91999191 (91999191) (11.9(1. π’

11991499, ’ ’ ‘⁹'

9199919119, 91999919, ’111991 91919 “ γ’ ’,9-

, 333.

2.

 

