vn

87111111111177511181111171111111111111 8711111171111, 111 1. p. d. 0111111117 151351.
87111111111111111 1111171 (1) 111. 1. p. d. 811117- 151

1111415. 8711117111111, 871111171117111 (87111171νί11)
8717711171 (8117111111) 111. 111.

,11187171111111111111111191 · 8p2151050w3020(Bysmejowpoe) „Lm d Md
8717117111 (1) 111. 151. , giew 551 .
87191171(Βὶ1716111111. ny01f11022(ssystnyoe)fluv 5³11
87111(8111)11111117111.115. 7 871111711 111. 1. p. d. 1011077177,
Β7011117(Β10111117’]111. 3711117113 Kymky( 79) 777 Β p ,7 Bysmyoe
8711111 (811111) 111. · 57 5.
8711111111(81111ό11)111.87111171118111171117110.) 111. s. p. (1 Β711η777
8711111111),11711117111(81111711)111. 55
871111111(8111111111)111. 8771717οι771771ῃ7777ῃ77 ,Β prope Lubfin
8711111, 8711117, 87117111, 87117117 (8111117) 111. 515. ’
- (11 111. 1. p. 11. 1111111111 500. 8711117111 (1171111711), 711777777707775777,
- (11111. 17111. 1171111111511. 511.
8711111111, civis 011111. 14. ’ 8711117111(1),111. 11 p. (1, 1177777177 7777, ⁵40.
8711111), navigium 111151 Zdakow 315, - 87111111), opp. 20³.
Δ 8711171111 (8111117) 111. · 811111, 111. 1. p. (1. 1111111117( 211,
871171171(81111111)111111. 817111(8111)111.17).11.1117(;170(1(477, ' ¹
87117111171111. 1111111. 1111111111 153. ,
8711711117 01711111, (111111 Taurorum 551. 511. 0·
87117117 (8111111) 111. 1. p (1.1)11111711451. -
- (11111111. p. 503. 0116111,111.1.7).11..17111·1176771,.
8711717111 (8111111111) 111. 01111111 11111118111711) 111.
87117171 (1111111) 111. - Ρ11ν1(8111711)111.
8711111111, 8711117111 (8111111711)111. 0111111111), 0111111111) (1) domus 111.
87111111111(1),111.,1. p. (1. 0711111111 2⁷1. 0111117 (1111117111) 111. 1. 7). 11. 11711111( 541.
8711111711) (81111111111111. 0111117111 (1111111111 1111711. Wrocimo·
8711171111 (1). 111. 1. p. d. 1171111 151. 111111),1.
Byonyatchowicze (1111111111ο11111)111. 01117111 Μ1111 (11111711) 111.
8711111, 11111111. 111. 1111111171 198. 01111111 (1111111111) 111
- 871111111117171110), 111. 1. 7). d. 01111111 115.· 011711 Mum (8711111111)1)ο111
8711111111), 1717111111. 111 11’1111171111711 174. 011711 (11111111) 111.
87111111 (8111111) opp. 111. 0111711117111 (81111111711) 111.
8711111111(1),;111. s. p. 11. 0111171111 115. 0111711117(111111111111) 11111111. 1111111111 144.
8711171117,871111111117(8111111111)111. 177. 011171171111117 (111111οηί1111) 111 1111111161 de
8711111171171111 (871111711111) 111. nrm. Pilawa 111. ’
8711111711 (81111111) 111. · 0111 (1111111111
87111111 (0711111711 (1111111) 11111.011111.455. 0111111111) (1111111111) arma.
87111111 (1) vil. 178. 01111171 (1111111111) nobil.
Bylamfflczo (8111111111)111. 111, 01111111177111 (81111111111) 111.
8711111111 219. 511. 0111111 (8171111151.
871111 (8111111) 111. 351. · 0117117 (11117611) 111.
8711117111117111 111111171111111111 115. 0111711 (81111111) 111.
8711111111 (8111111111111141.111.ι 01111111111 (8111111πί11) 111
8711111111 (81111111) 111. 0111171111 (1111111111) 111
Ὶ117111111111,Β711111ο11 (8711611) 111. 1. p. (1011- 011111111117 8111111111 511.
1111117151). 1-51. 01111111111) fluv. 115.
871111111111171115111111,11111111.1111111711,1111111. 0111111111 11111111. 111 81111111.
8111111111. 317. 150. · 0111111111 (1111116111 111.
8711117111 (8711711), 1111. p. d. 1111111111 01111171(11111111)111.
11501111111111 (1111111111) 11117111 0111111111) 1. 11-
8711111111)(1.1171111111117111.111.1111.111.115.1111111111(
8711171111, 871111171111 (8111171111) 111 11111175. *fu-..t '⁴
(18.811111111 148. · 0111111111 Pom 111 Minor (11111111111111111111

 

