ι’ .

8111011101811110111011111 91971111.
8111111111 (8111811011) 10 . , ·
81110111 10111111, 11111111 111.

muno-9 11111111 1111111. 11111111. 1²0·

190259 P019k0959 (1111111) m· ·

, 8111111111 (81111011) 10

nm„ 0011111 vit
8111111111 (81111011) oppidum.
81111181 (81111181) 10
81111111 (8111181) 10 ·
881111118101 1111 111111.
Polmyooz (81111111) oppidum. ,
81111111, 11111111 11. 111. 111. 999. 449-411
81111101,111111.11.11.11.11 1111111111.
111. 119. 199. 190. 111. 111. 141-141, 111.
111111 991. 111111. 1111111118 807.
817. 387. 111111. 404. 408. 407. 408. 418.
419. 419. 491-439. 499. 411. 494. 1111111.
1111111111.
86111111, 10 10 &movim 11.
8111811411, tm} 834.
81111111111,111.1.11.0.8111110811.
8111111111 (8111111111),10 1 11. 0. 018111 199.
- (11111010101101111111181111
Pomm (811181) 11111
81111111110111011111) 111

, 81111111111(81111111111),10111.οΚ11111161 111.
8111111111 (8101911) 10 Ι,
ι 8111111118 (8111111010

81111111111110111111, presbyt. 11.,
811118, 1111. 11. 0. 8111111181 4'19.

- -— 81118 21111 119

8111118111 (81111161) 111. 1. (1. d. 081811 847.
8111111811 (8101111111) 10 ’

·1.ημι11.εμωομ1ι(11,11.1,11-11μ

111111111011111181111 111.
Ρο111118011181,10.1ρ.008111011108.

111111111ηἰ1811111111111011
rernm. .

8111011111, 10 1 (1.0 810111 141.

- , 111110111011081181111111.
. 8111161110 911. 0818101111 148

mm (8111111111) 10

8111101111 (1)ο1101111)10

81110111 (Pomm 10

811111111811 (811111111111),10 1 19. 9 81161
(1111 1 (1011111111) 114.

8111111111, 10 1 (1.0. 8191111111 991.

8118101111. 11111 8111111,10 1 (1.8. M·
808.

8111101111, 81111011011101111111.

8111111011 (8111011101
8111811111110) 111 114.

, 1111111111111 n 11. 11111 949 ’

811111111111111, ager in 101111111οω 118.
8111911118), 8111911881, 01 nm an 111.

111111.

³ 811811101101019110111) 10

-· (Podgrodzie) 111

Ρο11111118ἢ111111 (1), vil. 9. p. 0. Poto& 111„
8118111111) 8111111118] (81111111, 8111181111·

,- 111111 01 1111 0111111111 11. 17. 11. 111.

81181111111, 8118111111 (8111811111), 10 11. 9 19 919.

1111111 11111 11111061 811. 119. .
8111011, 111. prope 11111. 8111ρί11 111.
Ι - 111. 1 11. 0. 8111011861 411. 110.
8111111111 111011 11 Minor (Pom), 111. 9 μ
0 0119111 114. -
8111111111,11111111 111 111. 81111161 414.
81111111 11111111 11111 211181, 11111111 11 10
1111811161 114.
8111111111, silva 10 10 9951oe 411.
-·· 11111 110 111 8111181111 191.
8111108111οο (811110) fluvius-911.

brom 11. 41. “
·- (8011111181) vil.

·. 8011111111),1111111ωμ11111111111

- 11111111 109. 194. 111.

- (Ρο118)111.11.1ι1(111111110.011-
1111111 prope oppid. 0111111411.

- (Potok 11015), 1011. 111 11111811·
1111 1181181111, 111. 111

- (Ρο1ο1)·.1110811111111111.

. de 11111811001111111811111111.

81811118, 111. 111. 0 81118111.

’ 8111111111 (8111181) 01 arm. 8111111111 11. 71.
78. 911. 919. -

' 8111111111 (8111111 (101111) 1118, 1. 1. propo ffl- 8111111111, 11111111 111 111 1111011111 11.

8111111, 81111111 (M) 1111 999. 119 811.
919. 411. 411441-441441, 480818. 888.

- (11111111. 1 9. p. 1111» ⁰999 1111·’-1·1111.Ρο·111111.11 1 11 Soloe 111

181 111.

8111111111111 (81111111) 111.

8111111181 (81111181), 10 1.1 19 0. 81111 (111111 8111111111, 10 11111 1110. 81110110811111 μη

p. d. 0111111)111. · ,
‹- (81111181)101.)10.011111888.

ejusdem 11.
81811011, 10 1 p. 0. 81111111.

- (81111181) 1111110 7111111111 1101 81111101111111011101119) 10

1111111111 901. 111.

81111111,11111 10 10 0111111161 11.

-Ι (81111181 18111), 10 1101011181· 811111810111101111111111111 06111) 111 1 9

18 914.

(1 111111181πί11 111.

 

