’ 4444

0144411144, 411 4 p. 1 &timim 1414 411 0414441444 (04414144) 411. 919 1 0441 1144444-
- 4144111441141114414444.

mmmmm 04444114,41114.4ρ.14144444111144441441

01414444,.41144(141441114441114444. (1441444441 414

0141444411,4114(41’14444414ὴ441.044444,411144.144414444441844111441

014441144144 ,.41114144444444 1414441414 990. 0144141411 ¹999. 449- 990.

0144444144, 411 414 (1 044144 444.044414,144444444 4414114414 144.

eum, 411. 4. (4.1, Koch 141. ¹ 0444414444 (04144144) 411,

0141144 41 dm 1111190 (041411, 4141 mom] 44· eamdem· (04144144144) 411. ,

, 444 141, 0444444444 (04144444144) 411.

0144411444 (0144144444) 411. 0414444444, 0444444144 (04144444) 14 arm.

0144444 (1114444)4114.ρ (10144444 444. 144. 444 zgraja 444. 444. 444.

0141, 4414444 411 1141144144144414. 0444411441444, 0444414444444 (0444144144),

M‚vil91›.919090111i91⁵9. 411...4..44(14444444444144

0144444444 (0144144141411144144414 141114. 0414444 (0414411411 9. 1181444414441.

0114144, 41141 1 044144 444. 041444, 411 44.(1. 1114144144 (nunc 911. 1014-

01144114, 411 4 p. 1 441414 144. 14) 444.

011444414141144.111444444444. ,041Ι,.4444114411144411444.

¹ 01144 4141441114] 11141114), 41 4 1411, Pola· 0411414, 04141441) 444444 14. 44. 41.
4144(44444ρ,11144444)444. 411, 0411144144 (0414414144 1844444444414.

01144 41144410114411414), 411 4. p. 1141144144 0411444411, (1011411114 (1411444144 (0414144414)
(4444 44. (11144444) 449. 441, . 44444 109. 919. 444.· 001. ,444. 414. ·. ·

014144 (0141444) 41 9 p. 1 1114144414 114. 414. 041 1444441441414441 444..

0141414441 41144 1144141444, 411 911. (1044444441- 04111444441414444444414. 9. p prope opp.
414 444. · 4114444 41. 44..

olquam (910300100) 44 0414441441( 1111444144 444.

mmm (01030020') ,η h„ ρ, 9, μου, 14081. 0414411444 (04141144), 411 prope 8441441444
1444 111. 919.

0149444 (014444) 411 011· 1. 1144144414 441. 01144414410414141411 717

Um Petrus, 41414 ermion„ 17 0114414444 (04141111 411. ·

014444414014141411444441141444 141. 441. 999. 001111444νὼ 1114141, (0414114414 111414) 411,

0144444441114444444μρι4444. 444. , 0144144414 (114444 sanim 444

0444444444444104 14 omnm, 00 m, ⁰9 04144414 14 4444 8144414444 444.
1444 444. 0414441414, 4414444. 411 144114 444

1111414 14 44144 114444 999. , · 091919, 0414444 (041444) 411 prope 11144114 opp

01444444 (01441444) 411 9. p. 1114444414 999. ³⁶· ⁸⁸· ³⁹·

- - 'MP ,ι emm ³24 (991919999199 1114144 (1414164141), 441. 4. p..d ’

0104414114 (01114144)411. - . 1141444441ιὸ4 444. 994.
0144411444)4114111144144444444414.01114444104141441441ηὓ 441. 01444114
01444414 (1114444114) 411. 444.

-. (11411411 4444444 441-444. (ΝΜ ⁰⁰b¹¹9⁸ (14 *141 1190in ³⁹
mmmm& (Glinnystok) 411 · 0414414444, (14144444 (0414414411411 441).
0121009‚111pro1›0cr90001m‹1912911m11999. prope 011 14141144114 ¹02
0141114444, 411 411044441411414. ’ 04144414 (4) 44414444 4 p 1. 1141444444 414.
01144144, 4114, p. 1 04414 444. 0411144 (14 1444144144144444. 11144414 41.
0444444, 4114 p. 1. 0441441444 999. 0011119191090 (0411441441411 , .
0441441444(οΜ4444,4114141114414444 114. (1411441144, (1414441144 (04144414) 411
04444444444 (0414414414), 411 4 1411 11995 0411441444 (0414014141

4444 89. 0114444 (0414414) 411 4 p'. 1. 8144114 199.
04144144, 411 9 11 (1, 1144144144] 144. 0414444414 14 4444. Lis 441.

041441444144, 411 911 1 Pronum 144. 144. 011444444444 (0414144144), 411 4 4,·1, 1444-
041444444144 411 4 11 d. 114444444144141. (144 444,
0444441414 4444 04444414 441. · 041444444444 (0414144144), 4114118144

- (14 4444 144114 444. , 41444 900.

0444444414, 0444444441 (01444114, 04411441) 44 0414414 8144141 4141444 999.
111414444414 441444 , 0444444441(οο1444444141 ·

mmmm-11. 5 .

 

